1790872231020813006
1790872231438553631
1790872231814874464
1790872232151924464
1790872232406411964
1790872232651841130
1790872232911832797
1790872233147288005
1790872233418522380
1790872233679379151
1790872233923540609
1790872234173415609
1790872234415086963
1790872234661988005
1790872234910485401
1790872235150352588
1790872235547563526
1790872235997782276
1790872236485160921
1790872236980614567
1790872237469700505
1790872237938321338
1790872238323519254
1790872238818920817
1790872239281631234
1790872239737274983
1790872240201125504
1790872240673648421
1790872241133602067
1790872241613791650
1790872242072258837
1790872242536804150
